MCID,Win,Loss,Castle_W,Castle_L,Solo_W,Solo_L,ArmedDoubles_W,ArmedDoubles_L,LuckyDoubles_W,LuckyDoubles_L,RushDoubles_W,RushDoubles_L,UltimateDoubles_W,UltimateDoubles_L,UnderworldDoubles_W,UnderworldDoubles_L,Doubles_W,Doubles_L,VoidlessDoubles_W,VoidlessDoubles_L,Armed4s_W,Armed4s_L,4s_W,4s_L,Lucky4s_W,Lucky4s_L,Rush4s_W,Rush4s_L,Swap4s_W,Swap4s_L,Ultimate4s_W,Ultimate4s_L,Underworld4s_W,Underworld4s_L,Voidless4s_W,Voidless4s_L,3s_W,3s_L,FirstTourneyDoubles_W,FirstTourneyDoubles_L,SecondTourneyDoubles_W,SecondTourneyDoubles_L,4v_W,4v_L,Ws,FD,FK,Solo_FD,Solo_FK,Doubles_FD,Doubles_FK,3s_FD,3s_FK,4s_FD,4s_FK,4v_FD,4v_FK,UUID,Rank,Star,fkdr
cocoasann,36653,8101,334,880,2962,1984,25,7,10,9,289,204,62,59,18,0,7368,1912,50,36,108,20,16019,3731,44,7,207,80,32,7,251,194,41,0,152,27,2679,451,0,0,36,4,7625,23,0,8533,104640,1884,10881,2146,33733,478,7027,4004,45699,21,7300,7fab58b26e27461db7c26b046965f433,SUPERSTAR,2407,4
bonj1,2032,3998,18,79,92,174,0,0,0,0,0,0,0,1,0,0,40,94,0,0,7,29,1612,3606,143,239,21,45,1,3,359,680,3,1,13,9,281,120,2,23,13,27,7,4,0,4054,9960,172,464,100,247,127,972,3651,8272,4,5,4f4af0573e5d4a37ad16cdaf3258270f,MVP_PLUS,489,0
yan_nqrakuaikouk,2289,2803,201,720,18,117,2,10,1,2,1,30,3,31,0,0,118,242,3,5,29,88,1269,1919,24,30,48,93,13,24,76,368,0,0,15,39,598,356,0,0,0,0,286,169,0,2879,4951,96,69,249,494,391,1462,1962,2707,181,219,2f44c4e1e8924827bb998b7a300226b4,MVP_PLUS,414,0
finawi,1227,32,4,15,27,1,0,0,0,0,0,0,3,0,0,0,75,4,0,0,0,0,495,16,0,0,0,0,0,0,0,0,0,0,8,0,292,9,0,0,0,0,338,2,2,38,2275,1,125,5,344,10,534,20,942,2,337,f0952f1ad5244041aaf780f50717177a,SUPERSTAR,100,41.2
Luxer,2058,639,13,60,100,104,0,0,1,0,0,4,0,1,0,0,439,224,0,0,2,0,1095,244,0,0,10,0,2,2,22,4,0,0,9,0,321,48,0,0,16,24,103,19,0,730,6378,103,439,252,1842,59,807,298,3158,18,132,d1b5d325784c4fc1a712427c2be81611,MVP_PLUS,257,18.0
daikich,7457,4772,1057,4780,79,241,106,186,88,386,39,47,465,769,0,1,548,810,3,30,815,678,4806,2661,223,476,206,257,49,84,1517,1151,91,39,154,238,1390,660,3,31,6,34,634,400,0,5114,17426,239,374,827,1995,703,2906,2926,11352,419,799,01bc456b89cd45c7afa6ad3454db407a,MVP_PLUS,1323,7
D00PE,6824,4424,50,188,468,810,1,0,0,0,6,20,16,36,1,0,695,767,0,4,11,1,3900,2433,1,1,12,39,0,0,26,13,1,1,7,7,902,324,0,1,6,29,859,90,2,4458,16091,745,1455,809,2321,345,1936,2475,9792,84,588,bcc22c0be6744304a371625ed90508fa,SUPERSTAR,706,1
Moviy,3885,4638,23,66,283,804,1,3,1,5,4,5,9,15,0,5,821,2094,1,13,1,5,1724,796,14,6,2,7,0,0,26,15,5,0,17,10,938,915,2,9,2,10,119,29,0,4697,13670,722,1416,2153,4594,911,2599,881,4936,30,125,66f63127f84c4a2ab7482cadb88bef6e,SUPERSTAR,536,12.19
Zerosho,2314,3477,15,82,89,249,0,2,0,3,4,14,2,16,0,0,522,1520,0,2,2,1,1086,1172,3,1,11,6,6,4,6,36,0,0,7,14,526,525,0,0,1,10,91,11,1,3429,8764,253,469,1437,3688,516,1505,1213,3022,10,102,a66ac9cee0c14a1a9e93b6cae46ed221,SUPERSTAR,482,22
TSgameO912,6662,3486,19,127,47,81,10,8,14,25,51,41,28,36,37,8,827,967,10,4,49,28,2337,1299,46,27,43,17,22,18,65,41,29,8,54,46,1122,418,0,0,7,33,2329,721,0,3507,12713,73,173,909,2961,406,2358,1366,5128,754,2138,ad849bd3e1564a5fa6a6e7dc87018065,SUPERSTAR,766,45.0
_Thorium,3925,3439,57,286,126,804,3,16,3,35,0,3,3,55,0,20,379,978,0,2,5,15,2259,735,20,40,3,9,11,26,44,112,1,15,1,4,822,619,0,0,6,26,339,303,0,3429,9443,778,859,927,1781,625,1761,789,4750,311,303,3ec29cbc251747ed948f4ff8cfec4276,MVP_PLUS,424,11.0
o_oAoi,4038,732,1,3,444,87,0,1,0,0,0,2,0,0,0,0,303,36,0,1,0,1,2579,432,1,3,0,0,0,0,0,5,0,0,0,7,708,177,15,25,0,0,4,0,0,765,22918,73,2232,31,1983,190,4508,470,14192,1,3,5c96e87bcb44417ea616333eb0525d36,MVP_PLUS,144,0
UntiMelee,15209,9081,45,179,250,746,0,1,6,2,1,5,0,4,1,1,732,849,3,4,30,16,5947,1940,29,29,49,43,18,11,99,40,85,27,47,24,7800,5507,13,27,2,6,480,39,0,9451,51232,699,1270,870,3533,5620,27567,2223,18301,39,561,a12ed6b864b04d07a9f3c9848af6c6eb,SUPERSTAR,1465,0
finai,7126,4165,44,200,797,1209,17,25,0,3,5,6,5,21,0,5,781,850,4,28,27,35,3619,1394,24,7,17,10,22,7,59,40,20,15,23,13,1053,344,0,5,9,14,876,368,22,4413,21210,1197,3840,899,3717,376,2605,1566,9970,375,1079,2d1dbc93219a4d349bed45da1aab0665,MVP_PLUS,742,12.25


game_name = [
            "Win","Loss",
            "Castle_W","Castle_L",
            "Solo_W","Solo_L",
            "ArmedDoubles_W","ArmedDoubles_L",
            "LuckyDoubles_W","LuckyDoubles_L",
            "RushDoubles_W","RushDoubles_L",
            "UltimateDoubles_W","UltimateDoubles_L",
            "UnderworldDoubles_W","UnderworldDoubles_L",
            "Doubles_W","Doubles_L",
            "VoidlessDoubles_W","VoidlessDoubles_L",
            "Armed4s_W","Armed4s_L",
            "4s_W","4s_L",
            "Lucky4s_W","Lucky4s_L",
            "Rush4s_W","Rush4s_L",
            "Swap4s_W","Swap4s_L",
            "Ultimate4s_W","Ultimate4s_L",
            "Underworld4s_W","Underworld4s_L",
            "Voidless4s_W","Voidless4s_L",
            "3s_W","3s_L",
            "FirstTourneyDoubles_W","FirstTourneyDoubles_L",
            "SecondTourneyDoubles_W","SecondTourneyDoubles_L",
            "4v_W","4v_L",
            "Ws",
            "FD","FK",
            "Solo_FD","Solo_FK",
            "Doubles_FD","Doubles_FK",
            "3s_FD","3s_FK",
            "4s_FD","4s_FK",
            "4v_FD","4v_FK",
            "UUID",
            "Rank",
            "Star"
            ]

{"status": "True","callstart":0,"call":0}